r01: 1 4 5 7 16 18 19 28 29 31 32 33 36 41 42 43 44 50 51 52 54 55 58 60 61 68 69 80 86 97 99 103 104 105 107 109 110 112 113 121 124 125 127 133 136 137 139 144 146 150 153 155 157 158 159 165 168 172 174 181 185 189 190 191 195 197 198 208 226 234 241 243 244 246 247 250
r02: 251 256 259 262 263 264 265 266 270 274 275 278 286 295 296 297 298 299 305 306 319 322 325 337 343 344 354 358 363 367 368 374 376 385 387 389 390 402 408 415 420 423 428 434 439 446 447 451 452 456 457 460 463 466 467 468 476 478 480 485 486 489 491 493 495 496 497 498 499 500
r03: 501 511 514 516 521 535 552 553 564 566 567 573 574 576 579 581 588 606 615 622 625 626 644 646 653 663 664 671 675 676 678 684 688 702 703 711 714 715 718 719 720 726 730 732 734 738 741 744 745 747 750
r04: 751 752 756 759 760 774 784 786 791 799 802 806 808 813 815 816 818 821 822 829 832 833 835 836 846 847 849 857 859 861 867 870 872 877 880 883 886 888 890 891 893 894 895 896 898 901 903 904 905 908 910 911 912 913 914 915 916 917 918 919 920 922 926 931 938 942 947 950 952 957 958 959 960 961 962 963 964 966 967 968 972 975 976 977 979 980 982 983 984 985 988 989 991 992 997
r05: 1001 1002 1003 1006 1007 1010 1011 1012 1017 1019 1022 1026 1027 1031 1036 1042 1044 1045 1048 1051 1053 1054 1058 1061 1064 1065 1072 1073 1077 1083 1084 1085 1088 1089 1091 1093 1094 1095 1098 1099 1101 1103 1104 1107 1108 1109 1110 1111 1112 1113 1114 1119 1121 1123 1128 1130 1131 1135 1138 1139 1140 1143 1144 1145 1146 1150 1151 1156 1157 1158 1159 1160 1162 1166 1167 1170 1172 1174 1176 1178 1179 1180 1187 1188 1189 1192 1195 1199 1200 1210 1213 1215 1216 1218 1221 1222 1224 1225 1234 1240 1243 1244 1246 1247
r06: 1251 1252 1254 1255 1264 1266 1271 1272 1274 1275 1276 1277 1285 1286 1294 1295 1296 1297 1300 1304 1307 1308 1311 1312 1313 1314 1317 1319 1320 1323 1325 1333 1334 1336 1341 1342 1343 1344 1346 1348 1349 1355 1362 1363 1364 1369 1373 1376 1378 1379 1384 1385 1393 1395 1397 1398 1401 1402 1403 1404 1407 1410 1411 1417 1419 1422 1427 1429 1430 1434 1437 1438 1440 1441 1444 1445 1452 1455 1456 1457 1469 1471 1472 1475 1476 1480 1481 1484 1497
r07: 1503 1504 1506 1509 1511 1513 1515 1517 1523 1526 1527 1529 1530 1533 1538 1541 1547 1550 1551 1552 1560 1562 1563 1564 1578 1582 1583 1588 1589 1592 1593 1598 1602 1605 1611 1613 1614 1616 1617 1622 1626 1627 1640 1642 1648 1649 1650 1657 1659 1660 1662 1666 1668 1670 1688 1691 1693 1694 1695 1696 1700 1701 1705 1710 1723 1729 1730 1733 1740 1741 1742 1748 1750
r08: 1751 1772 1773 1775 1783 1784 1785 1786 1787 1790 1794 1797 1798 1799 1800 1804 1806 1810 1824 1827 1829 1830 1833 1834 1838 1845 1847 1849 1850 1856 1857 1859 1868 1869 1870 1878 1880 1884 1893 1894 1897 1900 1905 1906 1907 1912 1918 1930 1940 1941 1943 1945 1952 1953 1954 1955 1958 1963 1964 1966 1967 1970 1971 1975 1990 1994
r09: 2005 2006 2007 2009 2010 2011 2013 2014 2015 2016 2018 2019 2020 2021 2022 2025 2029 2031 2032 2033 2034 2035 2036 2037 2038 2039 2041 2043 2044 2045 2046 2047 2048 2049 2050 2051 2052 2053 2054 2055 2059 2060 2061 2062 2063 2064 2067 2068 2069 2073 2074 2076 2081 2083 2084 2085 2090 2092 2099 2101 2108 2112 2113 2114 2115 2116 2117 2118 2120 2123 2125 2132 2134 2137 2139 2141 2142 2144 2145 2147 2150 2151 2155 2156 2157 2161 2164 2167 2169 2172 2176 2178 2179 2182 2185 2191 2192 2193 2194 2195 2196 2199 2200 2201 2202 2203 2204 2207 2208 2211 2212 2214 2219 2220 2221 2228 2230 2234 2235 2238 2239 2240 2241 2242 2244 2248 2249 2250
r10: 2252 2253 2259 2263 2264 2265 2266 2269 2270 2272 2273 2274 2276 2277 2278 2279 2280 2281 2282 2284 2285 2288 2292 2293 2294 2295 2297 2298 2299 2300 2303 2305 2309 2313 2314 2325 2328 2329 2335 2339 2345 2348 2352 2354 2355 2357 2359 2361 2362 2364 2365 2368 2369 2370 2371 2372 2375 2376 2377 2378 2380 2381 2382 2387 2389 2392 2395 2396 2397 2398 2399 2400 2401 2403 2404 2405 2408 2409 2410 2412 2413 2415 2416 2417 2418 2422 2423 2427 2431 2433 2436 2439 2442 2445 2447 2448 2449 2450 2451 2452 2453 2458 2459 2460 2461 2462 2468 2471 2472 2474 2475 2476 2477 2481 2489 2492 2494 2495 2496
r11: 2501 2503 2515 2516 2517 2518 2521 2522 2525 2526 2527 2528 2529 2530 2531 2532 2533 2534 2535 2539 2544 2546 2548 2549 2550 2551 2552 2554 2555 2556 2557 2558 2559 2560 2561 2562 2563 2564 2565 2566 2568 2569 2570 2571 2573 2575 2576 2577 2578 2579 2580 2581 2583 2584 2585 2586 2587 2588 2590 2591 2592 2594 2595 2596 2599 2600 2601 2603 2605 2606 2607 2608 2609 2610 2611 2612 2613 2614 2615 2616 2617 2619 2621 2624 2627 2628 2629 2630 2631 2632 2633 2634 2635 2636 2638 2639 2640 2641 2643 2647 2649 2651 2652 2654 2656 2659 2660 2661 2662 2663 2666 2667 2669 2670 2672 2673 2674 2675 2676 2678 2681 2683 2684 2685 2687 2689 2691 2692 2693 2695 2696 2697 2699 2700 2701 2703 2705 2711 2712 2714 2715 2716 2718 2719 2720 2721 2722 2723 2728 2729 2732 2736 2737 2738 2739 2745 2746 2747 2749 2750
r12: 2751 2752 2754 2756 2757 2758 2759 2760 2762 2763 2764 2765 2766 2767 2769 2770 2771 2772 2774 2775 2778 2779 2780 2783 2784 2785 2786 2787 2788 2789 2790 2791 2792 2793 2794 2795 2796 2797 2798 2799 2800 2803 2805 2806 2807 2809 2810 2811 2813 2814 2817 2818 2819 2820 2821 2823 2825 2826 2827 2829 2830 2831 2832 2835 2836 2837 2839 2841 2842 2843 2844 2845 2846 2847 2850 2851 2852 2854 2855 2856 2857 2858 2861 2862 2863 2866 2869 2870 2872 2874 2875 2876 2878 2879 2880 2884 2885 2891 2892 2894 2895 2898 2901 2902 2904 2905 2910 2916 2917 2918 2919 2920 2921 2922 2923 2928 2929 2934 2935 2936 2937 2942 2943 2946 2947 2948 2950 2951 2952 2953 2956 2958 2959 2960 2962 2963 2968 2969 2970 2971 2975 2976 2978 2981 2982 2983 2985 2986 2987 2988 2989 2990 2994 2996 2998 2999
r13: 3001 3004 3005 3007 3008 3009 3010 3012 3016 3017 3018 3019 3020 3021 3022 3023 3024 3026 3027 3031 3033 3034 3035 3036 3037 3040 3043 3044 3045 3046 3053 3054 3055 3057 3059 3060 3061 3065 3066 3067 3068 3071 3072 3073 3074 3075 3077 3078 3079 3080 3081 3082 3085 3086 3089 3090 3092 3093 3095 3096 3097 3098 3100 3103 3104 3105 3106 3108 3109 3115 3116 3117 3118 3119 3120 3121 3122 3123 3125 3126 3127 3128 3129 3130 3132 3134 3135 3136 3139 3140 3141 3143 3144 3147 3148 3149 3151 3152 3155 3158 3159 3160 3165 3166 3167 3169 3170 3173 3174 3175 3179 3183 3184 3185 3186 3187 3190 3191 3192 3194 3195 3196 3197 3198 3199 3200 3201 3203 3205 3208 3209 3210 3211 3213 3214 3215 3216 3217 3218 3219 3220 3221 3222 3223 3224 3225 3226 3227 3228 3231 3232 3233 3234 3236 3237 3238 3240 3241 3242 3243 3244 3245 3246 3248 3249 3250
r14: 3251 3252 3253 3254 3257 3258 3260 3261 3263 3264 3267 3268 3269 3270 3273 3274 3275 3277 3278 3280 3281 3282 3283 3284 3286 3289 3290 3291 3293 3294 3296 3297 3298 3299 3301 3302 3304 3305 3306 3307 3308 3309 3310 3311 3312 3314 3317 3320 3324 3326 3327 3328 3329 3330 3331 3332 3333 3334 3335 3336 3338 3339 3340 3341 3342 3343 3344 3345 3346 3347 3348 3349 3350 3351 3352 3353 3354 3355 3357 3358 3359 3360 3361 3362 3363 3364 3365 3370 3372 3374 3376 3378 3379 3380 3381 3382 3384 3388 3389 3390 3392 3393 3394 3395 3396 3397 3398 3400 3402 3403 3406 3407 3408 3409 3416 3422 3425 3426 3427 3429 3431 3433 3435 3440 3441 3445 3446 3447 3448 3450 3453 3454 3455 3457 3458 3461 3465 3466 3467 3468 3470 3471 3472 3473 3474 3475 3476 3477 3479 3480 3482 3483 3484 3485 3488 3489 3490 3491 3492 3493 3494 3497 3498 3499 3500
r15: 3502 3503 3506 3507 3508 3509 3511 3512 3513 3515 3516 3518 3520 3521 3522 3526 3527 3530 3531 3532 3533 3534 3536 3538 3539 3540 3541 3542 3543 3547 3548 3554 3557 3558 3560 3563 3564 3565 3566 3567 3568 3570 3574 3576 3577 3579 3580 3581 3582 3587 3588 3591 3592 3594 3596 3597 3612 3613 3616 3618 3619 3621 3624 3626 3627 3628 3629 3630 3631 3633 3634 3635 3638 3639 3640 3641 3642 3643 3645 3647 3648 3649 3652 3659 3661 3664 3665 3667 3671 3672 3673 3675 3679 3682 3683 3684 3686 3687 3688 3689 3690 3691 3693 3695 3697 3698 3702 3703 3704 3705 3706 3707 3711 3714 3715 3716 3717 3718 3720 3721 3722 3723 3724 3725 3727 3728 3730 3731 3732 3733 3734 3735 3736 3737 3738 3739 3740 3741 3742 3744 3745 3746 3747 3748 3749 3750
r16: 3751 3752 3753 3754 3755 3756 3757 3758 3759
